0.6281 0.6482 0.6380
0.4224 0.5588 0.4811
0.5693 0.6600 0.6113
0.5467 0.7113 0.6182
0.5808 0.5207 0.5491
0.6270 0.6040 0.6153
0.5834 0.5899 0.5866
0.4610 0.5424 0.4984
0.5171 0.5082 0.5126
0.5168 0.7383 0.6080
0.5468 0.7168 0.6204
0.5544 0.6273 0.5886
0.6847 0.6706 0.6775
0.3392 0.4233 0.3766
0.5373 0.5780 0.5569
0.4579 0.5036 0.4796
0.6522 0.6937 0.6723
0.5281 0.5354 0.5317
0.5228 0.5270 0.5249
0.5535 0.5771 0.5650
0.5846 0.5133 0.5466
0.5168 0.6788 0.5868
0.5337 0.5505 0.5420
0.5365 0.6831 0.6010
0.5440 0.5399 0.5419
0.5948 0.5664 0.5803
0.6213 0.5483 0.5825
0.5907 0.6247 0.6072
0.6195 0.5119 0.5606
0.5760 0.5442 0.5596
0.6314 0.6198 0.6255
0.5419 0.4500 0.4917
0.5079 0.5204 0.5141
0.4626 0.6378 0.5363
0.3271 0.4237 0.3692
0.6270 0.6993 0.6612
0.5473 0.7058 0.6165
0.5379 0.6952 0.6065
0.4439 0.5170 0.4777
0.6334 0.6030 0.6178
0.6490 0.7226 0.6839
0.3952 0.4278 0.4108
0.5708 0.6912 0.6253
0.5425 0.6025 0.5709
0.5835 0.6092 0.5961
0.5628 0.5835 0.5729
0.4496 0.5585 0.4982
0.6153 0.6326 0.6238
0.5295 0.6497 0.5835
0.6187 0.7469 0.6768
0.3783 0.4528 0.4122
0.5178 0.5837 0.5488
0.6231 0.5664 0.5934
0.4795 0.5726 0.5219
0.5833 0.5982 0.5907
0.4580 0.5626 0.5049
0.6156 0.6329 0.6241
0.5888 0.5406 0.5637
0.5835 0.5893 0.5864
0.5572 0.6477 0.5991
0.4941 0.6575 0.5642
0.5559 0.5192 0.5369
0.5001 0.4638 0.4813
0.5512 0.6366 0.5908
0.6388 0.6545 0.6466
0.4457 0.4490 0.4473
0.5755 0.5696 0.5725
0.5451 0.6322 0.5854
0.3749 0.4493 0.4088
0.5802 0.7090 0.6382
0.5229 0.6022 0.5598
0.3922 0.4491 0.4187
0.5397 0.4808 0.5085
0.5986 0.6997 0.6452
0.5941 0.6079 0.6009
0.5846 0.6431 0.6125
0.6418 0.6446 0.6432
0.6977 0.6397 0.6674
0.4981 0.6144 0.5502
0.6014 0.5323 0.5647
0.5696 0.5858 0.5776
0.6114 0.6424 0.6265
0.4935 0.6140 0.5472
0.5977 0.6174 0.6074
0.4839 0.4254 0.4528
0.6038 0.6555 0.6286
0.5172 0.5328 0.5249
0.5237 0.6699 0.5878
0.3821 0.4912 0.4299
0.5656 0.4554 0.5046
0.6277 0.6768 0.6513
0.5924 0.5652 0.5785
0.5538 0.5299 0.5416
0.5784 0.6656 0.6189
0.5194 0.6180 0.5645
0.5159 0.6044 0.5567
0.6042 0.6100 0.6071
0.6266 0.6737 0.6493
0.7076 0.6575 0.6817
0.5702 0.6060 0.5876
0.5489 0.5909 0.5669
0.0747 0.0796 0.0688
0.3271 0.4233 0.3692
0.7076 0.7469 0.6839
