0.6683 0.6563 0.6623
0.3343 0.4942 0.3988
0.5656 0.6809 0.6179
0.5140 0.6899 0.5891
0.5851 0.5932 0.5891
0.6047 0.5865 0.5955
0.5986 0.6254 0.6117
0.4420 0.5364 0.4846
0.5406 0.5164 0.5282
0.5442 0.7356 0.6256
0.5504 0.6753 0.6065
0.5353 0.5907 0.5616
0.6856 0.6736 0.6795
0.4643 0.5346 0.4969
0.5625 0.6092 0.5849
0.4544 0.5167 0.4836
0.6161 0.7361 0.6708
0.4543 0.4930 0.4729
0.4931 0.5130 0.5029
0.5419 0.5908 0.5653
0.5881 0.4986 0.5397
0.5488 0.6791 0.6071
0.5563 0.5040 0.5288
0.5622 0.7064 0.6261
0.5375 0.6039 0.5687
0.5343 0.5921 0.5617
0.6115 0.5829 0.5969
0.5727 0.6920 0.6267
0.6551 0.6132 0.6335
0.5288 0.5376 0.5331
0.6031 0.6271 0.6149
0.5938 0.4686 0.5239
0.4830 0.4854 0.4842
0.4403 0.6319 0.5190
0.4061 0.4314 0.4184
0.6480 0.6571 0.6525
0.5394 0.6968 0.6081
0.5853 0.6977 0.6366
0.4994 0.5864 0.5394
0.6058 0.6223 0.6139
0.5758 0.6773 0.6224
0.3859 0.4326 0.4079
0.4904 0.6434 0.5566
0.5998 0.5724 0.5858
0.5808 0.5957 0.5881
0.6012 0.6494 0.6243
0.4491 0.5626 0.4995
0.5991 0.6315 0.6149
0.5329 0.6321 0.5783
0.6313 0.7518 0.6863
0.3954 0.4861 0.4361
0.5821 0.7011 0.6361
0.5957 0.5740 0.5846
0.5264 0.5618 0.5435
0.5657 0.6052 0.5848
0.4918 0.5508 0.5196
0.5449 0.5279 0.5363
0.6276 0.5732 0.5992
0.5817 0.6450 0.6117
0.5180 0.6133 0.5616
0.5756 0.6486 0.6099
0.5622 0.5427 0.5523
0.4688 0.4386 0.4532
0.4866 0.6317 0.5497
0.6257 0.6518 0.6385
0.4614 0.4836 0.4722
0.5745 0.5544 0.5642
0.5527 0.6276 0.5877
0.4116 0.4290 0.4202
0.5726 0.7056 0.6322
0.5394 0.6359 0.5837
0.3750 0.4556 0.4114
0.5355 0.4884 0.5109
0.5952 0.6929 0.6404
0.6157 0.5442 0.5778
0.6375 0.6735 0.6550
0.6575 0.6578 0.6577
0.6264 0.6250 0.6257
0.5379 0.6066 0.5702
0.6949 0.6280 0.6597
0.5353 0.5807 0.5570
0.6031 0.6626 0.6314
0.5968 0.6300 0.6130
0.6317 0.6052 0.6182
0.4891 0.4742 0.4815
0.4816 0.6223 0.5430
0.5016 0.5141 0.5077
0.5768 0.6952 0.6305
0.4456 0.4812 0.4627
0.5744 0.4793 0.5226
0.6206 0.6608 0.6400
0.5919 0.5439 0.5668
0.5554 0.5391 0.5471
0.5760 0.6374 0.6051
0.5401 0.6598 0.5940
0.5102 0.6319 0.5646
0.6263 0.7007 0.6614
0.6362 0.6503 0.6432
0.6836 0.6618 0.6725
0.5651 0.5817 0.5733
0.5518 0.5968 0.5715
0.0713 0.0776 0.0667
0.3343 0.4290 0.3988
0.6949 0.7518 0.6863
