0.6067 0.0210 0.0406
0.6460 0.0288 0.0551
0.5780 0.0629 0.1135
0.7660 0.0940 0.1674
0.7778 0.0418 0.0793
0.6000 0.0349 0.0659
0.6767 0.1055 0.1825
0.5593 0.0162 0.0314
0.5826 0.0363 0.0683
0.8568 0.0451 0.0856
0.7421 0.0745 0.1354
0.6206 0.0290 0.0554
0.7330 0.0306 0.0588
0.3120 0.0448 0.0784
0.7918 0.2719 0.4048
0.4138 0.0188 0.0359
0.7515 0.0647 0.1192
0.4847 0.0109 0.0213
0.5561 0.0341 0.0643
0.5061 0.0789 0.1366
0.6535 0.0258 0.0496
0.7251 0.0244 0.0472
0.4957 0.0099 0.0194
0.7694 0.0868 0.1560
0.6056 0.0158 0.0308
0.6686 0.1055 0.1822
0.7325 0.0403 0.0763
0.7595 0.0719 0.1314
0.6648 0.0435 0.0816
0.5941 0.0185 0.0358
0.7444 0.0335 0.0642
0.7273 0.0106 0.0209
0.4251 0.0131 0.0255
0.5545 0.0587 0.1061
0.4854 0.0151 0.0293
0.6696 0.0174 0.0339
0.8496 0.2812 0.4226
0.7560 0.0362 0.0692
0.5482 0.0435 0.0806
0.6222 0.2024 0.3055
0.7156 0.2990 0.4218
0.7108 0.0322 0.0617
0.6890 0.1196 0.2039
0.6212 0.0227 0.0439
0.6475 0.0181 0.0352
0.4919 0.0458 0.0837
0.7578 0.0262 0.0506
0.7038 0.1469 0.2431
0.4816 0.0570 0.1019
0.6546 0.0456 0.0853
0.2731 0.0333 0.0594
0.7139 0.3401 0.4607
0.5973 0.0871 0.1521
0.7465 0.0115 0.0227
0.7320 0.0485 0.0910
0.5111 0.0206 0.0396
0.6213 0.0165 0.0321
0.6289 0.0221 0.0427
0.7324 0.0300 0.0576
0.4852 0.0284 0.0536
0.7368 0.0778 0.1408
0.6561 0.0138 0.0271
0.3585 0.0210 0.0396
0.3990 0.0472 0.0844
0.6449 0.0140 0.0275
0.4884 0.0179 0.0345
0.6754 0.0315 0.0602
0.7143 0.0176 0.0343
0.4902 0.0082 0.0161
0.7415 0.0757 0.1374
0.8373 0.1510 0.2559
0.3020 0.0255 0.0470
0.5824 0.0064 0.0126
0.6166 0.0274 0.0524
0.6585 0.0311 0.0594
0.5402 0.0562 0.1018
0.6502 0.0279 0.0536
0.7255 0.0233 0.0452
0.6303 0.0797 0.1415
0.6879 0.0976 0.1710
0.7307 0.0392 0.0744
0.7032 0.0437 0.0823
0.6351 0.0761 0.1360
0.6000 0.0347 0.0655
0.4229 0.0171 0.0330
0.3756 0.0979 0.1554
0.6265 0.0809 0.1433
0.7428 0.0468 0.0880
0.5593 0.0132 0.0259
0.4783 0.0251 0.0478
0.7193 0.0781 0.1408
0.6538 0.0163 0.0318
0.7200 0.0197 0.0384
0.5314 0.0186 0.0360
0.5097 0.0192 0.0371
0.6958 0.0912 0.1612
0.8305 0.3134 0.4551
0.5247 0.0458 0.0843
0.7080 0.0493 0.0922
0.6140 0.0325 0.0617
0.6265 0.0576 0.0984
0.1237 0.0656 0.0947
0.2731 0.0064 0.0126
0.8568 0.3401 0.4607
