0.6212 0.5663 0.5925
0.4792 0.4866 0.4829
0.6235 0.5655 0.5931
0.6147 0.6043 0.6094
0.6478 0.5948 0.6201
0.6417 0.5707 0.6041
0.6284 0.6003 0.6140
0.5382 0.4968 0.5167
0.5536 0.5010 0.5260
0.5818 0.6385 0.6089
0.6388 0.6487 0.6437
0.6174 0.6289 0.6231
0.6242 0.5426 0.5806
0.4394 0.4234 0.4313
0.6785 0.6261 0.6512
0.5154 0.4960 0.5056
0.6820 0.6083 0.6430
0.6090 0.5729 0.5904
0.6136 0.5621 0.5867
0.5929 0.4961 0.5402
0.6054 0.5692 0.5867
0.6351 0.6038 0.6191
0.5745 0.5452 0.5595
0.5624 0.5745 0.5684
0.5914 0.5545 0.5724
0.5853 0.4841 0.5299
0.6136 0.5210 0.5635
0.5678 0.4862 0.5238
0.6497 0.5163 0.5754
0.5945 0.5106 0.5493
0.6157 0.5258 0.5672
0.5960 0.5121 0.5509
0.5022 0.5136 0.5078
0.6313 0.5791 0.6041
0.3991 0.4157 0.4072
0.6498 0.6195 0.6343
0.6812 0.6626 0.6718
0.6278 0.6520 0.6397
0.4907 0.5116 0.5009
0.7069 0.6238 0.6627
0.7175 0.5996 0.6533
0.4183 0.4187 0.4185
0.6366 0.5430 0.5860
0.6320 0.6070 0.6193
0.6453 0.5833 0.6128
0.5927 0.5798 0.5862
0.6443 0.5833 0.6123
0.5682 0.5496 0.5587
0.5770 0.5442 0.5601
0.6093 0.5430 0.5742
0.4254 0.4516 0.4381
0.7598 0.6891 0.7228
0.5969 0.5122 0.5513
0.6117 0.5535 0.5811
0.6044 0.5297 0.5646
0.6299 0.5368 0.5796
0.6619 0.6113 0.6356
0.5880 0.5599 0.5736
0.5864 0.4934 0.5359
0.5972 0.5937 0.5954
0.5751 0.6050 0.5897
0.5889 0.5016 0.5418
0.5113 0.4687 0.4891
0.6284 0.5598 0.5921
0.6247 0.5629 0.5922
0.5861 0.5407 0.5625
0.6132 0.5310 0.5691
0.5779 0.5228 0.5490
0.4295 0.4584 0.4434
0.6194 0.5989 0.6090
0.5834 0.5767 0.5800
0.4689 0.4516 0.4601
0.5568 0.4161 0.4763
0.5617 0.4696 0.5115
0.5751 0.5705 0.5728
0.6097 0.5690 0.5887
0.6238 0.6003 0.6118
0.6069 0.5111 0.5549
0.5693 0.5456 0.5572
0.6004 0.4787 0.5327
0.6223 0.5963 0.6090
0.6526 0.6550 0.6538
0.5413 0.5775 0.5588
0.5615 0.5450 0.5531
0.4994 0.4255 0.4595
0.6502 0.5254 0.5812
0.5846 0.5124 0.5461
0.6099 0.6107 0.6103
0.4223 0.4734 0.4464
0.5888 0.5058 0.5441
0.6015 0.5857 0.5935
0.5780 0.5301 0.5530
0.5834 0.4927 0.5342
0.5691 0.5463 0.5575
0.5897 0.5471 0.5676
0.6068 0.5915 0.5990
0.7124 0.6165 0.6610
0.6053 0.5692 0.5867
0.6487 0.5893 0.6176
0.5831 0.5748 0.5789
0.5925 0.5490 0.5691
0.0641 0.0581 0.0576
