0.9250
0.8500
1.0000
0.9250
0.9850
0.9250
0.9850
0.3500
0.8250
0.9200
0.9250
0.9750
0.9200
0.0000
0.9500
0.5000
0.8250
0.1300
0.0000
0.9850
0.9250
0.9250
0.0000
0.9500
0.8750
0.9250
0.8500
0.9250
1.0000
0.9000
0.9250
0.8250
0.8500
0.9500
0.2000
0.9500
0.9250
0.9250
0.5000
0.9000
0.8750
0.0000
0.9200
1.0000
0.9500
0.8250
0.2000
1.0000
0.9250
1.0000
0.7500
0.9250
0.9200
0.0000
0.9250
0.8250
0.7500
0.9200
0.9150
0.9250
0.9250
0.0000
0.0000
0.9150
0.5000
1.0000
1.0000
0.9250
0.1500
0.9250
0.8750
0.2500
0.6500
0.8750
0.9200
1.0000
0.8250
0.9150
0.9250
0.9250
0.9100
0.9250
0.9200
0.9200
0.1000
1.0000
0.7800
0.9250
0.3500
0.9250
0.9250
0.8200
0.8250
0.9050
0.9200
0.9250
0.8100
0.9000
0.8250
0.8250
0.7761
0.2961
0.0000
1.0000
