1.0000
1.0000
0.9250
0.9250
0.9250
0.9250
1.0000
0.7000
0.8250
1.0000
1.0000
0.9250
0.9250
0.0000
0.8250
0.8200
0.9250
0.9200
0.8750
0.9200
0.9250
0.9250
0.5000
0.9850
0.8250
0.9000
0.9200
0.9250
0.9500
0.8250
0.9250
0.8250
0.9200
1.0000
0.4500
1.0000
0.9250
0.9250
0.7000
0.8250
0.8250
0.2000
0.9200
0.8250
0.9850
0.7600
0.2400
0.9250
1.0000
1.0000
0.3500
0.8250
0.9250
0.5000
0.9200
0.6300
0.9100
0.9250
0.5400
0.9250
0.8250
0.2000
0.0000
0.9200
0.9750
1.0000
0.9850
0.9250
0.4500
0.9200
0.9250
0.2500
0.5600
0.9250
0.8250
0.9250
0.9000
0.9250
0.9850
0.9250
1.0000
0.9200
0.9200
0.0000
0.9250
0.8750
0.9850
0.1000
0.9500
0.9250
0.7500
0.9200
0.9250
0.9100
0.9250
0.9100
0.9250
0.9250
0.8250
0.8144
0.2442
0.0000
1.0000
