0.2213 0.2714 0.2438
0.1009 0.2418 0.1424
0.1503 0.2805 0.1957
0.0686 0.4054 0.1174
0.1508 0.2455 0.1869
0.1787 0.2814 0.2186
0.1126 0.1610 0.1325
0.0833 0.1923 0.1163
0.1800 0.1552 0.1667
0.1319 0.5217 0.2105
0.1090 0.4667 0.1768
0.1589 0.3069 0.2094
0.3117 0.2540 0.2799
0.0596 0.1092 0.0771
0.1185 0.2329 0.1570
0.0744 0.1798 0.1053
0.2000 0.2927 0.2376
0.1067 0.2794 0.1545
0.1421 0.2149 0.1711
0.1260 0.2000 0.1546
0.1442 0.2069 0.1700
0.1201 0.4624 0.1907
0.1558 0.1756 0.1651
0.0808 0.4200 0.1355
0.1693 0.2216 0.1920
0.1569 0.1727 0.1644
0.2062 0.1794 0.1918
0.1721 0.2561 0.2059
0.2766 0.1773 0.2161
0.1795 0.1429 0.1591
0.2202 0.2467 0.2327
0.1013 0.1322 0.1147
0.1083 0.1471 0.1247
0.1044 0.3250 0.1581
0.0568 0.1655 0.0846
0.1476 0.2941 0.1966
0.0991 0.3882 0.1579
0.1311 0.4343 0.2014
0.0720 0.2716 0.1138
0.1807 0.2394 0.2059
0.1684 0.3300 0.2230
0.0618 0.1084 0.0787
0.1667 0.4000 0.2353
0.1517 0.3188 0.2056
0.1596 0.3093 0.2105
0.1525 0.1435 0.1478
0.1480 0.1850 0.1644
0.1429 0.2617 0.1848
0.1181 0.4737 0.1891
0.1355 0.4416 0.2073
0.0536 0.1908 0.0838
0.1156 0.1722 0.1383
0.2770 0.1647 0.2065
0.1376 0.1226 0.1297
0.1456 0.3571 0.2069
0.1327 0.2887 0.1818
0.1016 0.2551 0.1453
0.1500 0.1457 0.1478
0.2653 0.1871 0.2194
0.1734 0.3333 0.2281
0.1065 0.3636 0.1647
0.1983 0.1429 0.1661
0.1684 0.1347 0.1497
0.1489 0.3043 0.2000
0.1389 0.2640 0.1821
0.0250 0.1500 0.0429
0.1481 0.2105 0.1739
0.1302 0.3086 0.1832
0.0833 0.1053 0.0930
0.1131 0.4146 0.1777
0.0890 0.3371 0.1408
0.1074 0.1676 0.1309
0.2088 0.2135 0.2111
0.1282 0.2976 0.1792
0.1069 0.2800 0.1547
0.0329 0.6000 0.0624
0.2879 0.2308 0.2562
0.3871 0.2390 0.2956
0.0882 0.4030 0.1448
0.3545 0.1765 0.2356
0.1277 0.2041 0.1571
0.0996 0.3649 0.1565
0.1287 0.3492 0.1880
0.2007 0.2657 0.2287
0.1128 0.1366 0.1236
0.1667 0.3750 0.2308
0.1362 0.2788 0.1830
0.0783 0.3488 0.1279
0.0468 0.1545 0.0718
0.1921 0.2048 0.1983
0.1506 0.2611 0.1911
0.1927 0.1516 0.1697
0.2028 0.1193 0.1503
0.1878 0.2242 0.2044
0.1100 0.3014 0.1612
0.0817 0.3261 0.1307
0.1389 0.2308 0.1734
0.1752 0.2750 0.2140
0.1970 0.2407 0.2167
0.1216 0.1885 0.1478
0.1453 0.2589 0.1714
