0.6494 0.5555 0.5988
0.4338 0.4683 0.4504
0.6656 0.6145 0.6390
0.6019 0.6115 0.6066
0.6415 0.6309 0.6362
0.6254 0.5556 0.5885
0.6115 0.5923 0.6017
0.5040 0.4649 0.4837
0.5786 0.4993 0.5360
0.6253 0.6571 0.6408
0.6154 0.5374 0.5737
0.6649 0.6090 0.6358
0.6218 0.5620 0.5904
0.5457 0.5247 0.5350
0.7395 0.6829 0.7101
0.5018 0.4989 0.5004
0.6507 0.6401 0.6454
0.5334 0.4612 0.4947
0.5399 0.5358 0.5379
0.6065 0.5310 0.5662
0.6239 0.5770 0.5995
0.6360 0.5863 0.6101
0.5650 0.5034 0.5324
0.5544 0.5626 0.5585
0.5740 0.6022 0.5878
0.5548 0.5440 0.5494
0.6035 0.5517 0.5764
0.5877 0.6157 0.6014
0.6222 0.5484 0.5830
0.5635 0.5312 0.5469
0.6065 0.5559 0.5801
0.6102 0.5017 0.5507
0.4770 0.4746 0.4758
0.6291 0.5514 0.5877
0.4610 0.4251 0.4423
0.6587 0.5495 0.5992
0.6937 0.6432 0.6675
0.6470 0.6195 0.6330
0.5432 0.5720 0.5572
0.6811 0.6311 0.6551
0.6879 0.6615 0.6744
0.4250 0.4260 0.4255
0.6004 0.5631 0.5812
0.6305 0.5261 0.5736
0.6353 0.5528 0.5912
0.6249 0.6210 0.6230
0.6452 0.5867 0.6146
0.5720 0.5617 0.5668
0.5991 0.5577 0.5776
0.6194 0.5470 0.5810
0.4589 0.4851 0.4716
0.7329 0.7360 0.7344
0.5947 0.5303 0.5607
0.5930 0.5225 0.5555
0.6087 0.5304 0.5668
0.5744 0.4970 0.5329
0.5745 0.5331 0.5530
0.6178 0.5508 0.5824
0.5952 0.5490 0.5712
0.5679 0.5817 0.5747
0.6424 0.5977 0.6192
0.5820 0.5174 0.5478
0.4968 0.4417 0.4676
0.5452 0.5501 0.5477
0.5897 0.5497 0.5690
0.5722 0.5335 0.5522
0.6042 0.5107 0.5535
0.5811 0.5075 0.5418
0.4574 0.4238 0.4400
0.5988 0.5708 0.5844
0.6109 0.6137 0.6123
0.4369 0.4397 0.4383
0.5435 0.4170 0.4719
0.5650 0.4737 0.5153
0.5672 0.4964 0.5294
0.6225 0.5712 0.5958
0.6122 0.6122 0.6122
0.5838 0.5212 0.5507
0.5920 0.5179 0.5525
0.6497 0.5396 0.5896
0.5877 0.6007 0.5942
0.6285 0.6291 0.6288
0.5931 0.5346 0.5624
0.5798 0.5318 0.5548
0.4926 0.4758 0.4841
0.6151 0.5582 0.5853
0.5758 0.5278 0.5508
0.6280 0.5986 0.6129
0.4607 0.4456 0.4530
0.6069 0.5181 0.5590
0.6016 0.5691 0.5849
0.5763 0.5111 0.5418
0.5851 0.5314 0.5569
0.5446 0.5268 0.5355
0.5971 0.5610 0.5785
0.5995 0.6098 0.6046
0.7539 0.7608 0.7573
0.6067 0.5159 0.5576
0.6140 0.5655 0.5887
0.5812 0.5375 0.5585
0.5909 0.5501 0.5692
0.0613 0.0622 0.0592
0.4250 0.4170 0.4255
0.7539 0.7608 0.7573
