0.2513 0.2809 0.2653
0.1538 0.0511 0.0767
0.2927 0.1101 0.1600
0.3919 0.0714 0.1208
0.2727 0.1449 0.1893
0.2335 0.1902 0.2097
0.2244 0.1062 0.1442
0.1667 0.1102 0.1327
0.2241 0.1696 0.1931
0.5652 0.1034 0.1749
0.3600 0.1071 0.1651
0.2063 0.1383 0.1656
0.2487 0.2461 0.2474
0.2184 0.0972 0.1345
0.2877 0.1232 0.1725
0.1798 0.0788 0.1096
0.3232 0.1587 0.2129
0.1912 0.0663 0.0985
0.2149 0.1166 0.1512
0.2875 0.0939 0.1415
0.1862 0.1337 0.1556
0.3763 0.1394 0.2035
0.1220 0.2137 0.1553
0.3800 0.0952 0.1523
0.2371 0.1429 0.1783
0.2446 0.0988 0.1408
0.2063 0.1893 0.1974
0.3415 0.0962 0.1501
0.4045 0.2486 0.3080
0.1735 0.1255 0.1456
0.2400 0.1614 0.1930
0.1322 0.1322 0.1322
0.1078 0.0891 0.0976
0.3250 0.1287 0.1844
0.1727 0.1165 0.1391
0.2059 0.2500 0.2258
0.4000 0.0897 0.1466
0.4040 0.1375 0.2051
0.2593 0.1265 0.1700
0.2287 0.1593 0.1878
0.3400 0.0806 0.1303
0.0884 0.0595 0.0711
0.3636 0.0669 0.1130
0.2174 0.2273 0.2222
0.2990 0.2086 0.2458
0.1983 0.1521 0.1722
0.2150 0.1488 0.1759
0.3087 0.1165 0.1691
0.4000 0.1166 0.1805
0.4675 0.1446 0.2209
0.1832 0.0504 0.0791
0.3245 0.1310 0.1867
0.1687 0.1900 0.1787
0.1415 0.2113 0.1695
0.3095 0.1040 0.1557
0.2474 0.1333 0.1733
0.1939 0.1124 0.1423
0.1741 0.1478 0.1599
0.2518 0.1643 0.1989
0.2636 0.1435 0.1858
0.4156 0.1123 0.1768
0.1726 0.1847 0.1785
0.1184 0.1368 0.1269
0.3652 0.1010 0.1582
0.1880 0.1918 0.1899
0.1333 0.0185 0.0325
0.1930 0.1930 0.1930
0.2593 0.1500 0.1900
0.1184 0.1765 0.1417
0.4228 0.1358 0.2055
0.3708 0.0976 0.1546
0.1387 0.1188 0.1280
0.1798 0.1758 0.1778
0.3095 0.1347 0.1877
0.1750 0.2846 0.2167
0.3185 0.1920 0.2396
0.2591 0.2634 0.2612
0.2151 0.2647 0.2374
0.3881 0.1232 0.1871
0.3077 0.4331 0.3598
0.2517 0.1146 0.1574
0.3649 0.1233 0.1843
0.2857 0.1706 0.2136
0.2319 0.1920 0.2101
0.1677 0.1543 0.1607
0.6458 0.0393 0.0742
0.2596 0.1084 0.1530
0.3140 0.0978 0.1492
0.1301 0.1356 0.1328
0.2108 0.1902 0.2000
0.2833 0.1364 0.1841
0.1393 0.2179 0.1700
0.1399 0.2267 0.1730
0.2121 0.1691 0.1882
0.2740 0.0971 0.1434
0.3152 0.0723 0.1176
0.2923 0.1092 0.1590
0.2150 0.1928 0.2033
0.2346 0.1681 0.1959
0.1937 0.1298 0.1555
0.2581 0.1448 0.1713
