0.5533 0.0262 0.0501
0.3761 0.0133 0.0257
0.5294 0.0404 0.0751
0.7712 0.1018 0.1799
0.6201 0.0288 0.0551
0.8479 0.0632 0.1177
0.7167 0.0756 0.1368
0.4333 0.0191 0.0366
0.5200 0.0211 0.0406
0.8205 0.0313 0.0602
0.4548 0.0581 0.1031
0.6000 0.0363 0.0684
0.7857 0.0265 0.0512
0.5329 0.0624 0.1118
0.6516 0.1883 0.2922
0.3628 0.0174 0.0333
0.8250 0.0511 0.0962
0.5955 0.0122 0.0239
0.5301 0.0267 0.0508
0.5748 0.0465 0.0860
0.6683 0.0271 0.0521
0.7542 0.0362 0.0691
0.4156 0.0164 0.0316
0.8077 0.1188 0.2071
0.5866 0.0121 0.0237
0.6144 0.0431 0.0805
0.7474 0.0328 0.0628
0.6475 0.0257 0.0495
0.6312 0.0163 0.0317
0.6987 0.0125 0.0246
0.8571 0.0291 0.0563
0.6076 0.0116 0.0227
0.4079 0.0141 0.0273
0.6024 0.0786 0.1390
0.5037 0.0308 0.0580
0.6052 0.0381 0.0716
0.6757 0.1965 0.3045
0.8232 0.0445 0.0844
0.4223 0.0617 0.1077
0.5382 0.1614 0.2484
0.6071 0.1178 0.1973
0.4256 0.0228 0.0433
0.6742 0.0517 0.0960
0.5793 0.0466 0.0863
0.6436 0.0243 0.0469
0.6188 0.0416 0.0779
0.6960 0.0208 0.0404
0.6630 0.0957 0.1672
0.6142 0.0849 0.1492
0.7291 0.0512 0.0958
0.2661 0.0318 0.0568
0.6267 0.1796 0.2792
0.6216 0.0607 0.1106
0.6032 0.0124 0.0243
0.7913 0.0432 0.0820
0.5166 0.0244 0.0466
0.6545 0.0253 0.0487
0.5375 0.0156 0.0303
0.7245 0.0136 0.0268
0.5847 0.0357 0.0674
0.6312 0.0615 0.1121
0.7025 0.0114 0.0224
0.3724 0.0201 0.0382
0.6298 0.0421 0.0789
0.6905 0.0291 0.0559
0.4639 0.0142 0.0275
0.6728 0.0446 0.0836
0.6927 0.0234 0.0452
0.5208 0.0164 0.0318
0.7472 0.0899 0.1604
0.7448 0.1339 0.2270
0.2630 0.0297 0.0534
0.6044 0.0066 0.0131
0.6154 0.0276 0.0529
0.7996 0.1609 0.2679
0.2132 0.2438 0.2275
0.6364 0.0223 0.0430
0.6968 0.0170 0.0332
0.6667 0.1222 0.2066
0.5364 0.0533 0.0970
0.6638 0.0259 0.0499
0.7343 0.0565 0.1049
0.7368 0.1432 0.2398
0.6095 0.0386 0.0726
0.3641 0.0165 0.0315
0.7778 0.0278 0.0537
0.5117 0.0565 0.1018
0.6162 0.0539 0.0991
0.7956 0.0648 0.1198
0.4407 0.0223 0.0424
0.6699 0.0607 0.1112
0.6250 0.0191 0.0371
0.5944 0.0155 0.0302
0.5482 0.0183 0.0354
0.5950 0.0218 0.0420
0.6703 0.0804 0.1436
0.7500 0.1757 0.2847
0.5892 0.0724 0.1290
0.6061 0.0370 0.0697
0.5169 0.0284 0.0538
0.6121 0.0516 0.0895
