0.8500
0.1000
0.9500
0.9500
0.9500
0.8500
0.8500
0.2500
0.8000
0.9500
0.9500
0.9500
0.8500
0.1000
0.8000
0.8000
0.8500
0.8500
0.8000
0.9500
0.9500
0.9500
0.2000
0.9500
0.8000
0.8500
0.8500
0.8500
0.9500
0.8000
0.8500
0.8500
0.8000
0.8500
0.2500
0.9500
0.8500
0.9500
0.1000
0.8000
0.8500
0.3000
0.9500
0.8000
0.9500
0.5000
0.2000
0.8500
0.9500
0.9500
0.1000
0.8500
0.8500
0.5000
0.9500
0.5000
0.8500
0.8500
0.5000
0.9500
0.8500
0.2000
0.1000
0.9500
0.8500
0.9500
0.9500
0.9500
0.2500
0.8500
0.8500
0.1000
0.5000
0.8500
0.8500
0.8500
0.8500
0.8500
0.9700
0.8500
0.9500
0.9500
0.9500
0.2000
0.8500
0.8500
0.9500
0.0000
0.9500
0.8500
0.7500
0.8500
0.8000
0.8500
0.8500
0.8500
0.8500
0.9500
0.8500
0.7527
0.2694
0.0000
0.9700
